0,368
0,367
23,4
23,3
23,2
0,366
23,1
23,0
0,365
0,364
22,3
22,2
0,363
22,1
22,0
0,362
0,361
21,3
21,2
0,360
21,1
21,0
0,359
0,358
20,4
20,3
20,2
0,357
20,1
20,0
0,356
0,355
0,218
19,3
19,2
0,354
0,217
19,1
19,0
0,353
0,216
0,352
0,215
18,3
18,2
0,351
0,214
18,1
18,0
0,350
0,213
0,349
0,212
17,3
17,2
0,348
0,211
17,1
17,0
0,347
0,210
0,346
0,209
16,3
16,2
0,345
0,208
16,1
16,0
0,344
0,207
0,343
0,206
15,3
15,2
0,342
0,205
15,1
15,0
0,341
0,204
0,340
0,203
14,3
14,2
0,339
0,202
14,1
14,0
0,338
0,201
0,337
0,200
13,3
13,2
0,336
0,199
13,1
13,0
0,335
0,198
0,334
0,197
12,4
12,3
12,2
0,333
0,196
12,1
12,0
0,332
0,195
0,331
0,194
11,3
11,2
0,330
0,193
11,1
11,0
0,329
0,192
0,328
0,63
10,3
10,2
0,327
0,62
10,1
10,0
0,326
0,61
0,325
0,60
9,3
9,2
0,324
0,59
9,1
9,0
0,323
0,322
0,58
0,321
0,2
0,57
8,4
8,3
8,2
0,320
0,56
8,1
8,0
0,319
0,55
0,318
0,54
7,4
7,3
7,2
0,1
0,317
0,53
7,1
7,0
0,52
0,316
0,51
0,315
0,50
6,4
6,3
6,2
0,314
6,1
6,0
5,3
5,2
5,1
5,0
4,3
4,2
4,1
4,0
3,6
3,5
3,4
3,3
3,2
3,1
3,0
2,2
1,2
0,243
1,1
1,3
1,0
2,1
2,3
2,0
0,9
